Compiling 1 file (.ex)
0
0
0
0
0
0
0
0
0
0
2
0
0
2
0
0
0
0
0
0
0
0
0
0
0
0
0
0
0
0
0
0
0
2
0
0
0
0
0
0
0
0
0
0
0
0
0
0
0
0
0
0
2
2
2
4
2
4
2
2
2
2
2
2
2
2
2
2
2
2
2
4
2
2
2
2
2
4
2
2
0
0
0
0
0
0
0
0
0
0
0
0
0
0
0
2
0
0
0
0
2
0
0
0
0
0
0
0
0
0
0
0
0
0
0
0
0
0
0
0
0
0
0
0
0
0
0
0
0
0
0
0
0
0
0
0
0
0
2
0
2
2
4
2
4
0
0
0
0
0
0
0
0
0
0
0
0
0
0
0
0
0
0
2
4
2
2
2
2
0
0
0
0
0
0
0
0
0
0
0
0
4
8
4
8
4
4
4
4
4
4
4
4
4
4
4
4
8
4
4
4
4
8
4
4
0
0
0
0
0
0
0
0
0
0
0
0
2
4
2
2
4
2
0
0
0
0
0
0
0
0
0
0
0
0
0
0
0
0
0
2
0
2
2
2
0
2
2
0
0
0
0
0
2
0
0
0
2
4
4
0
8
4
4
8
0
2
0
2
0
0
0
0
2
2
0
0
2
2
0
0
0
8
0
4
8
4
4
4
4
2
0
0
2
2
0
0
0
0
2
2
0
0
16
8
8
32
16
8
8
8
8
8
8
8
8
8
8
8
8
16
8
8
8
16
16
32
8
8
8
0
0
2
2
0
0
0
2
0
2
0
0
8
4
4
4
4
8
0
0
0
2
2
2
2
0
0
0
2
0
0
0
2
2
0
2
4
4
4
4
4
4
0
0
0
0
2
2
4
2
4
2
0
8
8
0
8
8
16
16
2
4
0
4
2
2
0
4
4
0
4
0
2
4
2
0
2
16
0
16
17
8
8
8
8
4
2
4
4
2
0
2
0
4
0
4
2
33
16
16
66
32
16
16
16
16
16
16
16
16
16
16
16
16
16
32
16
16
33
32
16
16
2
4
4
2
4
2
2
0
0
4
0
2
4
8
16
8
8
8
0
16
2
32
0
2
4
4
4
8
8
2
0
4
2
0
4
0
2
4
4
0
8
4
8
8
8
8
8
0
2
2
0
4
4
8
8
2
4
4
2
16
16
32
16
16
4
32
2
8
8
4
4
2
8
8
2
4
2
8
16
4
8
9
4
2
17
2
18
16
16
16
16
5
3
8
8
9
2
4
4
2
8
5
8
2
4
132
32
32
33
32
32
32
32
32
32
32
32
32
32
32
32
33
32
32
66
32
33
32
32
4
8
8
8
8
2
4
4
8
2
8
4
2
8
16
32
16
16
4
16
33
8
2
4
16
16
8
2
4
8
2
4
2
4
2
8
8
4
8
16
16
16
16
16
2
16
2
4
4
8
8
16
16
8
4
8
32
4
32
32
32
33
33
8
16
16
4
8
8
4
4
16
32
8
4
18
9
5
3
5
18
36
3
17
17
72
17
17
10
6
18
9
3
5
3
9
10
3
9
5
133
33
33
33
66
33
33
33
33
33
33
33
33
33
33
33
33
33
66
132
66
33
264
33
33
16
9
16
16
4
8
9
16
4
8
16
4
32
33
32
32
8
32
66
16
8
4
32
32
4
16
8
8
4
16
16
4
8
5
16
16
9
32
32
32
32
32
32
4
4
8
8
16
16
17
9
17
5
9
33
5
33
33
33
66
66
16
8
32
32
16
8
16
32
8
33
19
8
16
10
18
10
6
6
36
144
18
18
146
18
18
20
12
19
18
10
6
18
6
20
18
6
10
266
66
66
132
66
66
34
34
34
34
34
34
66
66
66
66
66
66
132
265
66
67
66
66
32
32
17
18
16
8
18
17
5
5
9
17
33
66
33
33
67
16
33
17
16
32
8
33
33
32
16
8
8
32
32
9
5
17
17
10
18
33
33
33
33
8
33
33
16
8
16
32
32
18
18
10
18
18
34
34
66
132
66
10
132
17
33
9
33
32
17
16
33
9
66
32
38
16
19
20
12
20
12
292
72
36
36
36
36
21
24
19
38
12
21
20
12
19
19
20
12
67
67
532
534
132
264
68
68
132
68
68
68
132
68
132
67
67
264
132
132
134
67
530
18
132
132
33
19
36
33
16
32
19
10
18
18
10
18
66
132
34
34
18
134
66
33
17
9
66
34
33
17
9
16
33
33
10
18
20
18
18
19
66
34
66
34
16
66
66
32
9
17
33
33
36
19
19
36
20
68
68
20
67
133
21
67
18
133
34
18
66
33
17
18
67
34
18
17
69
33
76
21
38
78
24
21
24
294
144
72
588
72
72
72
42
25
38
76
24
42
21
38
24
44
21
38
24
134
536
134
265
133
264
136
136
136
136
136
136
133
134
264
134
133
265
133
268
134
1060
264
133
21
66
38
34
33
17
38
40
36
20
19
36
20
67
133
68
68
132
136
20
18
34
18
67
68
18
18
34
34
17
66
20
19
36
36
21
42
38
67
68
132
68
67
132
17
18
18
33
34
66
38
72
21
72
38
136
23
136
135
134
25
138
134
36
135
68
67
19
34
36
18
138
68
19
80
34
18
42
76
42
25
590
146
25
592
144
144
144
144
44
27
78
76
42
25
25
88
76
25
76
42
268
268
538
530
266
272
265
272
272
544
272
272
272
544
266
268
265
268
1062
266
530
266
536
1064
268
265
266
40
23
42
68
67
42
18
34
21
72
21
38
72
135
134
136
136
40
133
272
36
19
36
70
69
19
68
36
18
68
67
21
38
44
72
72
134
76
136
136
133
134
18
133
268
19
34
36
68
67
74
23
40
74
40
76
25
138
76
276
276
136
136
42
270
50
38
270
69
70
21
36
20
38
276
70
21
36
20
160
78
44
44
27
27
594
292
146
146
146
146
46
29
80
78
27
44
90
78
27
27
78
44
1076
536
536
532
532
544
544
530
546
544
544
546
532
536
530
536
532
532
532
1066
1072
536
530
84
532
70
168
69
25
20
36
44
23
74
74
40
23
136
270
138
138
135
42
544
21
72
38
138
140
72
136
38
134
36
70
42
76
144
144
46
268
78
266
272
272
36
266
536
38
68
72
134
136
42
84
152
27
278
44
52
152
272
104
272
272
278
40
540
71
23
72
22
38
76
42
140
278
40
72
162
46
80
29
46
29
596
294
292
597
292
292
292
48
31
80
160
29
180
46
54
156
88
156
54
538
538
1078
1080
534
534
532
546
546
546
548
546
1092
534
532
538
538
1064
1064
534
1072
1074
1068
1064
1060
50
72
169
71
88
38
22
76
25
42
76
25
272
272
276
276
44
270
546
74
76
42
280
276
138
74
40
72
136
38
44
78
48
146
146
80
536
544
532
544
538
38
532
70
40
74
138
136
54
88
154
304
168
280
556
106
544
274
108
544
542
42
25
142
144
78
44
76
280
280
44
42
324
74
282
160
326
48
31
92
58
296
598
294
294
599
584
584
62
96
160
320
92
58
182
312
56
184
56
90
312
1081
540
540
1068
1068
1064
548
548
550
1092
548
536
1094
540
534
540
1068
1066
1066
1069
1074
1076
1062
1066
171
142
100
144
176
44
76
27
152
177
84
152
50
544
274
278
278
88
540
548
148
78
44
278
282
42
76
276
144
40
272
80
46
96
292
292
538
160
97
546
534
546
540
534
40
76
72
42
276
272
308
108
306
176
170
558
560
276
109
546
546
560
544
84
50
284
146
156
46
152
46
283
282
44
328
148
320
96
184
62
592
60
1198
594
296
588
586
586
192
124
162
322
60
184
314
185
58
58
180
314
542
1080
1083
1070
1070
1096
1066
550
1096
1094
1100
1096
538
542
1068
1080
1071
1068
1068
1070
1076
1078
1072
1068
1064
101
173
146
284
152
179
46
54
154
52
304
168
546
276
556
280
549
89
542
156
46
150
280
284
152
278
44
42
274
146
160
48
294
294
99
540
162
548
548
536
536
42
542
538
84
144
152
44
274
278
110
310
172
308
178
110
112
310
312
562
548
548
564
112
552
562
174
168
170
546
100
286
292
154
158
92
92
285
284
150
330
152
88
192
322
186
124
1200
596
120
590
592
592
1201
588
588
126
194
324
324
186
120
116
316
187
316
116
182
1084
1082
1084
1072
1074
1072
1100
1068
1098
1096
1098
1102
1098
1076
1082
1084
1070
1072
1070
1070
1074
1080
1078
1070
1066
175
292
286
176
103
92
154
181
108
308
170
306
104
552
547
560
558
90
544
551
151
158
92
281
285
88
154
280
276
84
147
162
96
296
296
100
542
163
550
538
550
543
85
539
154
146
88
280
276
180
564
312
181
175
114
314
113
550
115
566
550
554
548
171
102
288
294
156
160
94
286
286
94
90
153
331
194
324
188
126
2402
122
598
594
594
4804
590
590
195
127
326
325
122
188
189
118
318
184
118
318
2168
1084
1086
1075
1074
2170
1102
1100
1070
1100
1098
1104
1100
1078
1086
1072
1084
1074
1072
1071
1080
1081
2148
1068
1072
287
105
293
352
183
93
155
309
109
171
307
105
549
553
561
559
92
545
552
152
93
159
282
286
155
89
281
277
149
85
97
163
297
297
102
165
543
551
539
551
86
541
545
155
89
147
281
277
313
177
114
315
183
565
567
552
551
116
556
173
175
549
103
295
289
161
95
157
288
287
95
332
290
91
154
333
196
326
128
190
599
124
4806
595
596
592
592
197
129
327
327
190
123
189
119
319
191
319
321
185
119
1086
4340
1088
1076
1076
1104
1102
1072
1100
1102
1105
1101
1079
1073
1087
1075
1089
1085
1072
1073
1075
1083
1081
1083
2149
1073
1069
354
289
295
106
157
184
95
111
368
311
173
107
309
555
551
563
561
547
94
554
548
94
154
160
288
284
91
283
157
150
87
279
99
165
299
104
301
299
545
166
105
547
553
541
553
542
88
546
148
90
156
282
278
178
316
314
116
184
566
232
568
557
568
553
464
552
176
550
297
291
105
158
163
96
97
291
289
335
92
156
328
197
191
129
600
125
9612
597
596
19224
593
593
130
199
329
328
190
124
192
321
121
186
188
120
322
1090
1088
4341
1078
1077
1073
1104
1106
1101
1103
1107
1081
1102
1087
1091
1076
1075
1076
1074
2151
4302
1085
1084
1074
1070
355
297
108
291
369
371
158
96
313
113
108
174
311
552
557
559
563
565
550
96
556
96
156
162
286
290
285
159
93
88
152
281
101
167
106
302
301
549
168
555
555
543
90
548
544
92
150
158
284
280
180
186
316
118
318
317
928
119
319
570
1856
555
1140
554
181
1136
559
552
178
554
106
292
299
98
165
160
582
98
291
670
94
158
199
329
193
130
38448
601
126
38449
599
598
594
595
132
200
331
330
323
190
122
324
324
126
192
194
122
1091
1089
4342
2156
1079
2158
1074
1105
1107
1108
1103
1104
1083
1104
1088
1092
1078
1078
1077
1076
1086
4303
1086
4305
1072
710
1074
1076
299
711
216
292
1422
300
98
742
315
160
114
312
314
110
176
554
560
564
567
552
1112
192
98
164
158
292
584
288
161
94
287
154
90
282
102
169
304
305
212
303
550
170
556
557
544
550
92
546
152
160
94
154
286
282
187
182
374
1137
238
638
634
556
1112
3712
556
560
1141
1108
356
300
294
108
166
100
162
292
1164
100
1340
160
96
200
330
132
194
128
1202
38451
600
599
596
596
133
201
266
332
331
124
191
325
128
194
388
325
124
1090
1092
2180
4344
4316
8688
1080
1106
1108
1076
1106
1104
2216
1084
2208
2184
1090
2156
1080
1078
2152
2172
8610
2172
2173
2148
1078
2149
218
2844
5688
294
600
116
100
743
316
162
628
112
178
1120
1108
568
566
193
2224
1104
166
316
100
576
585
1170
577
288
96
162
155
284
92
104
170
214
306
304
551
171
558
558
546
93
547
551
162
96
163
155
288
284
748
1276
239
635
364
7424
1138
2282
558
2224
7426
562
2225
357
1109
714
2218
302
110
296
164
102
168
1165
294
102
161
1341
98
2330
2682
331
201
195
133
129
1204
38452
38454
1198
601
597
597
402
268
333
662
326
129
192
326
776
195
125
125
2182
2184
17376
126
34752
258
2186
2183
4317
2160
2152
2212
2216
2208
2212
2217
2209
2210
2168
4368
4312
2180
4304
2160
17220
2156
2174
2173
34440
4298
5690
2156
588
219
602
11380
200
632
324
232
1486
356
224
629
2216
2240
1136
1132
195
2208
2225
200
332
317
1154
1171
163
97
289
93
285
157
105
171
612
428
305
1102
172
856
547
559
559
1094
186
1102
326
97
310
285
289
1277
728
749
1270
478
7427
2276
2283
1124
1116
7428
4552
2226
2219
715
604
592
220
328
169
204
103
295
4660
322
99
5364
333
666
203
197
135
76908
2408
131
76910
1202
2396
1194
1194
269
404
666
1324
652
128
384
652
126
390
1552
259
2184
256
3104
261
69504
2187
654
2162
4318
2154
2213
2217
4434
2213
2209
4420
4336
4369
4314
4360
2157
4320
4305
4348
2174
68880
4300
2157
220
590
22760
1204
633
202
2972
233
326
225
1258
357
2218
2242
2264
2272
2226
2209
196
201
319
333
1156
1173
165
99
291
287
95
314
106
172
1224
1712
306
344
1104
1094
1118
1118
2188
188
2204
327
312
654
194
570
578
1456
2540
1498
956
2554
4566
1912
5080
5108
4452
7430
1117
4554
4568
2248
2912
4438
1430
1208
221
1184
205
329
170
4662
104
590
5366
644
198
667
406
270
198
396
271
153820
132
2409
2397
2404
1195
1195
808
538
1332
1325
391
522
1304
768
252
512
69506
4368
254
1308
4374
782
6208
770
1306
69507
4320
2163
2219
2215
2155
4436
2210
4426
4427
4338
2212
4422
4437
4315
4371
4372
4361
2159
4321
4307
68882
4350
2176
4314
4301
22761
1180
440
1205
235
5944
327
203
1266
358
1259
226
2219
2243
2265
2273
2211
2228
392
202
334
638
2346
1157
582
100
166
628
190
574
174
108
612
1226
3424
1105
688
1119
1119
1096
189
2205
2190
656
624
195
1156
1140
2996
14860
5992
5110
3824
5082
5824
9108
2249
1118
14862
4454
9136
4440
2860
1209
222
1185
658
340
206
208
591
9324
645
199
10732
1334
812
2668
542
792
4818
153821
264
153823
2399
2406
2390
1197
1076
809
1327
1334
2612
1044
508
6210
2616
1024
1540
784
4370
2088
139014
2048
4375
2164
8640
4438
2216
4310
4439
4429
4424
4339
4424
4316
4374
4362
4308
4322
2160
4352
68884
4352
4303
4315
1181
22762
880
1206
1268
5946
204
236
654
228
1261
716
2244
2220
2275
2266
2212
4456
784
639
668
204
2314
4692
583
332
200
191
1148
629
216
348
2452
614
6848
2210
690
1121
2192
2238
2207
2191
378
625
1312
197
1142
1157
5826
10164
10220
5994
7648
18216
14863
18272
2236
14865
8908
2250
5720
8880
1186
444
1210
659
680
412
18648
416
1182
1290
21464
18649
398
813
1626
21465
5336
1584
1084
528
153824
4820
307648
4798
2407
2394
2392
1618
2152
1335
2654
1568
5232
12420
1016
4176
5224
3080
4096
8740
4377
8192
139015
8352
17280
4328
4432
4311
4439
4434
4431
8878
4426
4340
4342
8848
4364
8748
4318
4310
4324
4320
68885
8704
4354
137770
4317
8606
22764
1182
1760
2412
22766
655
408
472
1269
11892
2522
718
456
4488
4440
2276
2268
4424
4458
1568
670
408
1278
4628
4694
9388
664
400
1166
1258
1149
382
696
432
4904
6850
1228
4420
1380
6852
2242
2193
2240
4382
4414
756
2624
394
1250
1143
1159
20328
11652
20440
7650
11988
36544
36432
4472
14867
4500
36433
17816
5722
17760
888
2420
2372
1360
1318
824
2364
18651
832
2580
796
21466
5338
3252
2168
3168
307649
1056
9640
4814
4800
4788
4784
3236
4304
2670
5308
12421
8354
2032
5234
6160
3136
5226
12423
139017
8194
17480
8754
10468
4330
34560
4441
8868
4313
8852
8862
17756
17696
8684
17496
8636
4366
4322
8620
4326
137771
17408
8708
4319
17212
22767
3520
4824
2364
816
2538
944
23784
1310
912
1436
5044
4490
4442
4552
4536
8916
3136
4426
1340
816
2556
18776
4630
1328
2332
800
764
2298
2516
1392
864
2456
4906
6853
2760
4422
4480
4386
4484
4416
1512
4384
788
5248
2500
2286
2318
11653
11989
20329
7651
20441
7652
20442
36545
20330
4502
36435
20332
15304
36547
36436
11654
4474
35632
9004
14868
11444
35520
4840
4744
1776
2720
1648
2636
18653
1664
4728
1592
5160
21468
10676
21352
6504
4336
6336
19280
615298
2112
1230596
9600
4816
4790
4786
8608
6472
5310
5340
10452
4064
8355
6272
6162
8195
16710
12424
8128
17508
20936
34960
20904
278034
12324
8197
6274
278035
8660
69120
8882
8626
17736
17704
35512
17724
71024
35448
17368
35392
35408
8732
34992
17272
17240
8652
8644
17416
34816
275542
34424
8638
7040
4728
22768
4826
5076
2620
1888
23785
1632
1824
2872
5046
8980
8884
4538
4554
8852
6272
17832
5112
2680
1632
9260
37552
1600
2656
4664
4596
1528
5032
1728
2784
4912
13706
9812
5520
8844
4388
4486
4482
8832
8768
3024
1576
5250
5000
4636
4572
4574
15306
11990
20334
23980
20444
36438
36548
8948
35633
18008
29736
11656
11445
35521
4746
4842
3552
3296
5272
5440
4730
3328
9460
37306
6656
3184
5162
42936
21353
6506
8672
6338
4224
38560
2461192
19200
9632
2461194
9572
9580
8610
6474
5342
10620
16712
8198
8130
12325
20905
12548
12426
20937
35016
278036
16713
69920
16396
17320
69122
17252
35472
17764
70896
71026
70816
70784
34736
34544
69088
17464
69984
17304
34480
17288
275544
69632
34832
17276
68848
7042
9652
4730
22770
5240
3776
3264
5078
23786
5744
3648
10092
17768
17960
9076
9108
35664
17704
6274
3264
5360
5114
18520
37554
37040
5312
3200
4666
4598
9196
3056
5034
5568
3456
13707
4914
19624
17688
5522
8776
8964
8972
6048
17536
17664
10500
5002
3152
4638
9148
40888
11658
40668
15308
23982
73096
59472
72876
118944
36016
72877
35635
17896
35523
22890
7104
9684
9492
6592
5442
5274
37307
6658
18920
10324
42938
37308
6368
42940
13012
21354
12676
8674
8448
4922388
38561
19264
38400
19144
19160
8611
12948
21240
10684
16715
20907
20939
12327
24852
8131
12549
16398
278038
69922
70032
69123
34640
34504
35528
70944
70818
70898
71027
70786
69472
69090
69986
34928
34608
275545
34576
68960
69634
69664
275546
34552
68850
45540
19304
14084
45542
9460
7552
6528
10156
5242
23788
20184
5746
7296
35536
35920
18152
18216
12548
35408
71328
70816
10228
6528
5362
37556
37042
6400
5314
9332
18392
6112
10068
5570
6912
19626
9828
13709
11044
35376
13711
17944
17928
17552
35328
35072
6050
10502
10004
6304
10006
9276
18296
23316
40669
23984
40890
15309
15311
73098
40671
36017
71270
35792
237888
145754
81342
145756
475776
35525
22891
15312
7106
18984
7107
19368
10884
10548
6594
6659
18921
37310
42941
6370
10325
13013
21356
12677
8675
38563
8450
4922390
38528
38401
9844780
38288
38320
17222
12949
21368
21241
16717
25098
16400
24654
8133
20909
20941
24854
70034
24856
278040
16402
16718
69923
20942
69280
138246
69008
71056
70946
70819
142054
70899
70787
69474
69856
138180
139972
69152
69216
68962
69636
69666
275548
68852
69104
91084
38608
18920
14085
23790
6530
7554
10484
20312
7298
40368
11492
71840
71072
36304
72608
36432
12550
71330
70818
12551
20456
10724
6530
37044
37557
10628
18664
6402
10070
6114
18394
6914
11140
19627
19656
19629
13713
11046
35378
35888
35856
35104
35330
35074
6052
21004
20012
6306
18552
18298
40891
23317
15314
23985
81344
40893
73099
145758
35793
71272
475777
146198
36019
71050
35795
72038
23319
22893
71273
19369
14214
18985
6595
10549
10885
18923
6661
74620
6371
10327
85882
13014
21358
8676
12678
19689560
38564
8451
38529
38403
76806
38531
38321
38289
17223
25898
42482
21369
42738
16266
25100
16720
24656
16403
41818
70035
278041
24857
24657
16404
16267
25102
69924
16721
41819
41884
69282
556082
138248
70947
71058
69010
70821
142055
141798
142057
138948
141800
70789
70822
138181
139973
69858
69154
137924
69218
69637
275549
69668
137704
69106
182168
38609
37840
14086
20968
13060
15108
23791
40624
22984
14596
40369
71842
71074
72864
72610
71332
12552
70820
20458
13060
21448
37558
37045
10630
18666
6404
18395
10071
6116
6916
11142
13714
39258
19658
11047
35380
35858
35890
35106
35076
12104
35332
21005
6308
20013
18554
36596
30628
81345
23987
81786
145759
475779
23988
475781
71274
35797
146200
23321
72039
291518
22895
71051
38738
37970
14215
13190
10887
21098
6662
74621
18925
6373
85883
20654
42716
26028
17352
12680
8452
77128
76808
77062
38291
38323
25899
17225
42740
42484
33442
41821
49714
41886
24659
25103
16269
32808
70036
1112164
69926
138249
69283
69011
71059
70948
141644
284114
141801
141578
138949
138183
139716
139974
69156
137926
138436
139274
69669
551098
69108
137705
38611
14088
364336
37841
40625
23793
13061
15109
20969
14597
22985
40371
71843
71075
72611
72866
72867
72613
12554
70821
71333
13062
21450
20459
37046
37559
37047
6405
18667
10631
18397
6117
20142
11143
6917
13715
39259
19659
22094
35381
35108
35892
35860
70152
12105
70664
20015
21007
12616
36598
37108
47976
81787
61256
46642
162690
146201
122512
325380
142548
291519
325381
951562
35798
72041
245024
22896
1903124
71052
583038
38740
37972
14217
21100
10888
13192
18926
13324
74623
20656
12746
149246
85885
26030
171770
42718
17354
12682
8454
77130
76809
77063
38293
38325
17227
25901
42486
42741
66884
25105
49715
41888
65616
24661
41823
16271
139852
131232
2224328
140072
133768
276498
69285
71060
69013
70950
284116
283288
283602
141579
138950
139976
139717
138184
138438
1102196
137927
69157
2204392
139275
69670
137706
138216
364337
728674
38612
14090
37843
15110
40627
23794
20971
13063
14599
22987
40373
71077
71078
71844
72614
72615
72868
12555
71334
70822
21451
13063
20461
37049
37561
18669
10632
6406
20144
36794
12234
11144
11146
6918
27430
39261
19661
22096
54860
35382
35861
35109
35893
12106
70153
70665
21008
12617
20016
37110
36599
81789
650762
47978
490048
46643
146203
1166076
2332152
292406
142549
72042
3806248
292407
142551
144084
2332154
71596
584814
142104
142553
144085
22897
37974
14219
37975
38741
21102
13193
10890
13326
298492
37852
343540
12747
20657
42719
26032
25364
17356
77132
16908
77065
77067
76811
76586
38326
25903
17229
42743
42487
24662
99430
83776
83646
262464
16273
25106
267536
279704
198860
524928
83777
4448656
140074
535072
69286
276499
142120
141900
138026
283290
284117
283604
283158
138952
276368
279952
139719
138439
69158
137928
4408784
278550
139340
138217
275412
37845
14091
38614
1457348
20973
20974
13064
40628
47588
15112
14600
40374
22989
71079
71846
145230
72870
145232
70823
12557
71335
20462
21453
13064
75122
74098
75124
12812
18670
10634
36795
12235
20145
13836
22292
109720
39263
19662
70764
22097
35894
71722
70218
12108
70154
70666
21010
12618
20018
37111
36600
163578
95956
93286
1301524
490049
1169628
327156
144087
4664308
285106
71597
22899
142106
143194
4664310
186572
38743
37976
14220
13195
21780
21103
37853
298493
13327
20658
12749
343541
85438
26034
17358
25366
154264
16910
154134
153622
154135
76587
76652
17230
25905
42745
42489
16274
535073
49324
25108
83647
83648
16275
8897312
49325
280148
279705
524929
50216
83778
397720
8897314
276500
138572
142122
283800
138027
283292
284118
283605
284120
283607
277904
283160
283293
279953
276369
139720
275856
138440
138316
8817568
278552
278680
138218
275414
37846
14092
38615
1457350
13066
47590
20975
15114
40630
40375
14602
22990
71847
142158
145234
72871
142670
12558
142672
141646
20463
13066
21454
75125
74099
150250
37340
12814
21268
36797
20147
12237
13838
22294
219440
39324
78526
22099
70766
71788
70219
71723
70668
70156
12110
12620
20019
21011
37112
36602
191912
1301526
490051
9328620
383824
1301528
327157
2339256
490053
285107
144089
143196
373144
2603056
980106
142107
45798
38744
14221
37977
13196
21781
21104
596986
13329
37855
12750
20660
687082
85440
26035
17359
25367
154265
16912
154136
153623
76654
76589
25906
17231
42746
42490
167556
98650
524931
50217
535075
167296
32550
397721
17794628
280149
279707
1070150
1049862
277144
276502
276054
283802
284244
283608
284121
283294
277905
283162
276370
279440
279955
276880
276632
275857
17635136
278682
278554
276436
275415
1457352
37847
14094
38616
40631
20976
13067
95180
15115
22991
40377
14603
142159
143694
145742
145235
12560
141648
142674
21455
20465
13067
74101
300500
12816
37342
21270
20148
12239
36798
22296
13840
78527
438880
39326
141532
22101
71790
70221
71725
12111
141336
140312
12622
20020
21013
37114
36603
373145
654314
1960212
383825
5206112
18657240
2339258
4678516
288178
143198
570214
142109
45800
14223
75954
38745
13197
21105
21783
75710
1193972
13331
20661
1193974
12752
1374164
1374166
85441
26036
25369
17360
16913
154266
153625
154138
153308
153178
17233
25907
85492
84980
1049864
334592
795442
197300
2140300
65100
335112
100434
17794630
279709
2099728
280151
2140302
277145
276504
283803
284246
276055
283609
283295
568242
277906
283163
279956
279441
276372
17635138
275859
276634
276881
278555
278684
35270276
2914704
276438
275416
14096
37848
5829408
77232
190360
13068
40633
15117
20978
22993
80754
14605
142161
142163
143695
145744
290470
142675
25120
141649
21457
20466
13069
300501
148202
21271
12817
37343
20149
73596
12240
13842
22297
78528
39328
438881
141533
22102
877762
140442
143450
143580
140313
12112
141337
12623
42026
40040
73206
37115
1308628
746290
10412224
767650
3920424
143199
1140428
4678518
288179
91600
576358
2280856
284218
75956
77490
14225
21107
13199
21785
42214
13332
75712
2387948
1374168
12753
41322
52072
170882
17362
50738
16915
154268
308276
153626
153180
153310
51814
34466
85493
84982
394600
200868
4280604
334593
130200
795444
335113
280152
670226
279710
35589260
1590888
4199456
277147
276505
276057
284247
283805
1136484
566590
567218
283164
277908
276374
279443
279958
276635
275860
276883
278685
278556
35270278
276439
275418
77234
28192
75696
15118
380720
81266
13070
41956
14607
22995
80756
143697
284326
145745
290471
50240
141651
285350
21459
13071
40932
296404
601002
21273
12819
74686
12241
40298
73597
44594
13843
157056
78656
877764
141535
44204
140443
143582
143452
141339
12114
140314
42027
12625
40042
74230
73207
1308630
767652
746292
9357036
1308632
1152716
286398
2280858
284219
286399
746294
183200
75958
28450
77492
13201
43570
42216
26664
4775896
75713
41324
2748336
12755
341764
52074
34724
50739
16916
308536
308277
307252
153181
153311
68932
51816
84983
85495
394601
669186
260400
401736
520800
401737
789202
280154
279711
1590890
1340452
1338372
553010
277149
276058
283806
284248
2272968
1133180
1134436
4545936
277910
2268872
283165
2266360
276375
279959
279445
276637
276885
275862
278686
278557
275419
276441
77236
75698
56384
13072
41958
15120
380721
81267
14608
80757
45990
143699
284327
145747
580942
285351
283302
100480
13072
42918
40934
1202004
296405
42546
12820
74688
12243
73599
40300
13844
44595
78657
1755528
314112
141536
44205
143583
143453
140444
140316
141340
24228
84054
12626
80084
73209
74232
767654
18714072
2617264
1535308
572798
1492588
2305432
4561716
568438
366400
56900
77494
151916
43571
84432
26402
151426
9551792
53328
25510
5496672
82648
341765
104148
101478
69448
33832
308537
616554
307253
153182
153312
137864
103632
170990
341980
169966
1340454
1338374
789204
803474
3181780
520801
280155
559422
277150
1106020
283807
276060
284250
4537744
9091872
4532720
277911
566330
279446
552750
559918
276638
276886
275863
278687
557114
276442
550838
154472
112768
75700
30240
26144
761442
83916
81269
29216
45991
161514
287398
568654
1161884
291494
283303
570702
200960
42919
26144
81868
592810
2404008
25640
42547
74689
80600
24486
147198
89190
27688
314113
78658
1755530
283072
88410
140446
143454
143584
280632
48456
282680
160168
168108
25252
74233
146418
5234528
2985176
3070616
1145596
2305434
9123432
366401
1136876
303832
154988
113800
52804
87142
168864
9551794
302852
106656
174284
165296
51020
10993344
683530
208296
138896
202956
67664
617074
1233108
614506
306624
306364
275728
207264
339932
341981
6363560
2676748
803476
1578408
520803
2680908
560310
1118844
2212040
277151
567614
276061
284251
9091874
9065440
9075488
555822
1132660
1105500
1119836
279447
276887
276639
551726
557374
1114228
1101676
276443
552886
2203352
225536
308944
151400
60480
162538
1522884
52288
167832
91982
58432
323028
287399
1137308
2323768
4647536
291495
401920
566606
1141404
52288
163736
85838
4808016
1185620
149378
51280
85094
161200
294396
48972
55376
178380
628226
3511060
157316
283073
176820
280892
287168
286908
280633
96912
282681
336216
50504
320336
292836
148466
10469056
5970352
6141232
4610868
18246864
2291192
732802
9221736
18246866
2273752
309976
227600
303833
337728
105608
348568
302853
213312
330592
102040
330593
416592
1367060
277792
405912
1234148
135328
2466216
1229012
306625
306365
551456
414528
683962
339933
3156816
5353496
5361816
1041606
1606952
1120620
2237688
5361818
554302
4424080
1135228
552122
568502
18183748
9065442
9075490
18130884
18183750
2265320
18130886
1111644
36367500
2239672
2211000
558894
553774
553278
1103452
1114748
2228456
2229496
4406704
1105772
451072
302800
308945
120960
1522886
104576
325076
335664
323029
116864
183964
2274616
574798
582990
9295072
2282808
1133212
401921
327472
104576
171676
9616032
9616034
2371240
170188
102560
298756
322400
294397
97944
356760
110752
314632
1256452
353640
566146
280893
287169
286909
565362
561266
193824
320337
336217
101008
292837
296932
2291194
9221738
2273754
4582388
732804
309977
607666
455200
348569
337729
211216
426624
605706
661186
204080
416593
1367062
405913
555584
811826
2468296
270656
2466218
2458024
613250
612730
414529
551457
1367924
679866
6313632
3213904
10706992
2083212
4475376
2241240
10706994
2083214
8950752
6313634
10723636
6427808
1108604
8848160
1104244
1137004
2270456
18150980
36261772
36301960
4530640
2223288
1117788
4422000
4479344
1107548
1106556
2206904
4456912
4458992
8813408
2211544
617890
451073
302801
1522888
241920
209152
335665
325077
646058
233728
367928
4549232
1149596
9295074
1165980
18590148
2331960
803842
4565616
2266424
343352
327473
209152
9616036
4742480
205120
298757
340376
588794
195888
322401
356761
221504
2512904
314633
353641
1132292
561786
574338
573818
387648
1130724
1122532
640674
202016
672434
585674
296933
18443476
9164776
4547508
1465608
619954
1215332
455201
675458
675460
697138
422432
426625
1211412
408160
661188
1367064
833186
811828
555585
541312
2468298
4932436
2458026
1225460
1226500
551459
829058
1367926
1359732
6427810
4166428
4482480
8950754
2217208
8848162
4434416
4540912
2208488
2274008
36301962
9061280
4446576
8844000
8958688
2235576
2215096
2213112
4413808
8917984
8913824
17626816
4423088
902146
1235780
605602
418304
3045776
650154
483840
671330
467456
1292116
367929
9098464
2299192
18590150
4663920
1607684
9131232
4532848
418304
343353
654946
9484960
340377
410240
597514
391776
1177588
644802
713522
443008
629266
2512906
707282
2264584
1123572
1147636
1148676
2245064
387649
2261448
1281348
404032
1344868
593866
1171348
9164778
1465610
9095016
1239908
1215334
455203
1350920
697140
422433
1211414
1394280
426627
408161
1322376
833188
2734128
555587
811830
541313
4936596
4916052
9864872
2453000
2450920
1102918
829060
2735852
1359734
8964960
8950756
17696324
8868832
4548016
4416976
9081824
8893152
9061282
17688000
17917376
4471152
8827616
4426224
4430192
17655232
17827648
17835968
8846176
35253632
1211204
2471560
902148
1342660
1300308
6091552
418305
483841
735858
2584232
467457
4598384
9098466
9327840
1607686
9065696
18262464
686706
418305
1309892
9484962
680754
410241
1195028
391777
1289604
2355176
1427044
443009
1258532
5025812
4529168
1414564
2247144
2297352
2295272
4522896
775298
4490128
2689736
2562696
404033
2342696
1187732
18329556
2931220
5862440
18190032
1239910
2430668
910406
1394282
422435
2701840
853254
2422828
408163
2644752
833190
5468256
1623660
555589
541315
4936598
9864874
9832104
2453002
4906004
2450922
1102920
1658120
5471704
2719468
8964962
17901512
35392648
8868834
9096032
9081826
8833952
17786304
18122564
17917378
8942304
17688002
8852448
8860384
35310464
17835970
17827650
35253634
17692352
2422408
902150
2471562
1342662
2600616
967682
836610
2584234
934914
1471716
18196932
9196768
9327842
18262466
1607688
18131392
2619784
1373412
836610
9484964
2390056
1361508
820482
2355178
783554
1289606
886018
1427046
10051624
2517064
1414566
9058336
4594704
4590544
4494288
1550596
1550598
8980256
9045792
2689738
808066
2562698
4685392
2375464
18190034
910408
4861336
2479820
2788564
844870
5403680
853256
4845656
816326
1632652
5289504
1666380
10936512
1111178
3247320
541317
9873196
19729748
19664208
4901844
9812008
2205840
1658122
5438936
5471706
8964964
35803024
35392650
17737668
9096034
9081828
8833954
17786306
36245128
35376004
17884608
17917380
35834760
35310466
17720768
17704896
17835972
35655300
35253636
35384704
1804300
4943124
2422410
2685324
967684
836612
2600618
1471718
934916
5168468
18196934
9196770
9196772
9327844
18131394
3215376
18262468
2619786
1673220
2746824
820484
2390058
1361510
4710356
2579212
783556
1427048
886020
2517066
5034132
10051626
9058338
2829132
9189408
8988576
9181088
18091584
1550600
17960512
1616132
5379476
5125396
9370784
4750928
1820816
4959640
9722672
5577128
1689740
5403682
1706512
4845658
1632654
3265308
5289506
3332760
6494640
2222356
19746392
1082634
19664210
9803688
9812010
3316244
4411680
10943412
10877872
17929928
17737670
18163656
17667908
9096036
36245130
17786308
35376006
17884610
17704898
35310468
35441536
35671944
35655302
35384706
4943126
4844820
3608600
5370648
5201236
1673224
967686
10336936
2943436
1869832
18393544
18655688
18131396
2746826
5239572
1673222
1361512
820486
4780116
9420712
5158424
1567112
886022
2854096
5034134
5658264
9058340
5658266
9181090
9189410
8988578
17960514
18091586
3101200
5379478
1616134
5125398
9370786
9501856
4959642
9722674
3641632
1689742
9691316
3413024
6665520
4444712
2165268
19624020
19607376
6632488
10877874
35859856
35475340
35335816
36327312
18192072
35572616
35769220
35441538
17704900
35384708
9689640
9886252
1935372
5370650
5201238
1673226
10336938
5886872
1869834
5239574
5493652
1673224
1640972
4780118
2723024
1567114
9420714
5158426
1772044
5708192
3544088
10068268
18116680
18362180
9189412
17977156
18091588
17960516
1616136
9501858
9370788
9919284
3379484
4330536
19607378
35335818
36384144
35769222
35409800
35441540
9689642
10402476
3346452
3870744
5886874
3739668
5493654
3346448
5446048
3281944
9560236
3134228
17977158
18362182
18378824
3232272
9501860
