[[0, 97802]
, [5682, 591077]
, [591078, 868213]
, [868214, 1216244]
,
 [1216245, 1730562]
 , [1308539, 1732730]
 , [1732731, 1878113]
 , [1878114, 2022850]
 ,
 [1913417, 3826887]
 , [2022851, 2168311]
 , [2085646, 2171133]
 , [2120060, 4441033]
 ,
 [2146385, 2259474]
 , [2171134, 4793563]
 , [2179314, 4534265]
 ,
 [4793565, 27195454]
 , [10759205, 22974868]
 , [11602511, 25799879]
 ,
 [11764001, 28124816]
 , [21958182, 34768708]
 , [26532978, 29480043]
 ,
 [27195455, 41332971]
 , [30669693, 46887184]
 , [46887186, 54157057]
 ,
 [47997723, 60304756]
 , [48862588, 54135685]
 , [51653989, 55144083]
 ,
 [52713726, 57736371]
 , [54157058, 66147301]
 , [54831687, 66550552]
 ,
 [62892604, 66661231]
 , [63581388, 63635672]
 , [63603171, 63635151]
 ,
 [63607243, 63644812]
 , [64315567, 67820199]
 , [67820201, 89362971]
 ,
 [70592825, 75578072]
 , [71629773, 74290540]
 , [74957232, 86751750]
 ,
 [76689052, 80924970]
 , [78736212, 103134510]
 , [83367242, 100910390]
 ,
 [83479693, 101592615]
 , [90504693, 97857953]
 , [103134511, 108233928]
 ,
 [108233930, 110782083]
 , [109629716, 117011951]
 , [113577026, 129098597]
 ,
